# Created by Octave 6.2.0, Wed Mar 24 05:32:54 2021 -03 <daniel@daniel-HP-Spectre-x360-Convertible>
# name: noiselev
# type: scalar
8.2658634943043388e-06


