# Created by Octave 6.2.0, Tue Mar 16 13:02:42 2021 -03 <daniel@daniel-HP-Spectre-x360-Convertible>
# name: noiselev
# type: scalar
8.105624883382358e-06


