# Created by Octave 6.2.0, Mon Apr 05 10:02:42 2021 -03 <daniel@daniel-HP-Spectre-x360-Convertible>
# name: noiselev
# type: scalar
8.1148717006650524e-06


