# Created by Octave 6.2.0, Sun May 02 00:15:41 2021 -03 <daniel@daniel-HP-Spectre-x360-Convertible>
# name: z_elec
# type: matrix
# rows: 16
# columns: 1
 1
 1
 1
 1
 1
 1
 1
 1
 1
 1
 1
 1
 1
 1
 1
 1


