# Created by Octave 4.2.2, Thu Dec 31 17:51:12 2020 -03 <daniel@daniel-HP-Spectre-x360-Convertible>
# name: z_elec
# type: matrix
# rows: 16
# columns: 1
 0.01
 0.01
 0.01
 0.01
 0.01
 0.01
 0.01
 0.01
 0.01
 0.01
 0.01
 0.01
 0.01
 0.01
 0.01
 0.01


