# Created by Octave 4.2.2, Thu Dec 31 17:51:10 2020 -03 <daniel@daniel-HP-Spectre-x360-Convertible>
# name: noiselev
# type: scalar
0.01287579601721152


