# Created by Octave 6.2.0, Mon Apr 05 18:23:20 2021 -03 <matiasgel@DESKTOP-JHIRSIK>
# name: z_elec
# type: matrix
# rows: 16
# columns: 1
 1
 1
 1
 1
 1
 1
 1
 1
 1
 1
 1
 1
 1
 1
 1
 1


