# Created by Octave 6.2.0, Mon Apr 05 18:22:14 2021 -03 <matiasgel@DESKTOP-JHIRSIK>
# name: noiselev
# type: scalar
1.2634344654521471e-05


