# Created by Octave 4.2.2, Fri Aug 21 08:26:10 2020 -03 <daniel@daniel-HP-Spectre-x360-Convertible>
# name: FRAMESS
# type: scalar struct
# ndims: 2
 1 1
# length: 1
# name: FRAMES
# type: matrix
# rows: 1024
# columns: 1
 -0.4100607863061422
 0.2064575116480713
 0.00186946219038651
 0.001045763177884157
 -0.01566604658156125
 0.01339087181173984
 0.001710635898631431
 -0.003565650506706151
 -0.005427076765333511
 0.007642431416066253
 0.001915233938576517
 -0.01114211789142071
 0.005875734817005363
 0.003757727949035658
 0.00400074830277204
 0.1981955569009947
 0.2064575116480712
 -0.4119093577328513
 0.2012818888251198
 0.0066505179501246
 0.008750646186614065
 -0.02199026831095532
 0.007471355194884604
 0.007528948833096138
 -0.0007068942730193593
 -0.01096151537490241
 0.004592531562601107
 0.01265054129303573
 -0.01363109505364628
 -0.001613470085448792
 0.00362821699620455
 0.001800442341071711
 0.001869462190386528
 0.2012818888251198
 -0.4167425109732154
 0.2142906144258408
 0.001876998667716099
 0.003182290282950031
 -0.01279638069966996
 0.007983392929051045
 0.002505888279955467
 -0.003349193635542737
 -0.004533166544593111
 0.005759110510911875
 0.004172909591689835
 -0.01229921140717612
 0.005137209417024698
 0.001660698139551211
 0.001045763177884185
 0.006650517950124578
 0.2142906144258408
 -0.4299262882160366
 0.210573105747386
 0.00731816340495654
 0.004356384901484857
 -0.02032775608691837
 0.009925573062278831
 0.008138504071022575
 -0.001026305664261759
 -0.01246997682762652
 0.007012299867325635
 0.0111421162172457
 -0.01025017147865883
 -0.006452544552047584
 -0.01566604658156127
 0.008750646186614083
 0.001876998667716089
 0.210573105747386
 -0.4268103660423731
 0.2151180062164195
 0.001470788311620366
 0.006898269275652811
 -0.02345388150349238
 0.01546111530241332
 0.001391381979661202
 -0.0006634043064733532
 -0.005710356165957459
 0.005360700476075252
 0.001965511562957007
 0.003437530873341921
 0.01339087181173986
 -0.02199026831095533
 0.003182290282950032
 0.007318163404956515
 0.2151180062164195
 -0.4300488307410691
 0.2091867969421281
 0.006981103016762319
 0.01211314162738336
 -0.03135134213310721
 0.01298982588312387
 0.008704953427089893
 -0.003402850044691776
 -0.01068320535128543
 0.006746643634087435
 0.001744700334468075
 0.001710635898631421
 0.007471355194884597
 -0.01279638069966997
 0.004356384901484885
 0.001470788311620369
 0.209186796942128
 -0.4199903185950821
 0.2095621541620195
 0.001823757889163842
 0.01013640993028985
 -0.02083036885107974
 0.009195157962032822
 0.002622103755066632
 -0.0007038108943574952
 -0.005318922042278946
 0.002104256135146264
 -0.003565650506706153
 0.007528948833096145
 0.00798339292905104
 -0.02032775608691836
 0.006898269275652801
 0.006981103016762347
 0.2095621541620195
 -0.4394310258620597
 0.2244617303526205
 0.006611398363101499
 0.006729951123899409
 -0.02093511071522242
 0.009497090318714445
 0.006490838816883229
 -0.002837315078178623
 -0.005648018942715748
 -0.005427076765333504
 -0.0007068942730193602
 0.002505888279955466
 0.009925573062278816
 -0.02345388150349236
 0.01211314162738336
 0.001823757889163839
 0.2244617303526206
 -0.4465134555170758
 0.2207414494756507
 0.001572975225257533
 0.00556265990319897
 -0.01601437514040525
 0.009362802894803499
 0.001883983374984805
 0.002161721114028697
 0.007642431416066239
 -0.01096151537490241
 -0.00334919363554273
 0.008138504071022585
 0.01546111530241328
 -0.0313513421331072
 0.01013640993028987
 0.006611398363101494
 0.2207414494756507
 -0.4399106083671373
 0.2135456738257938
 0.007148629155604897
 0.004709903607035493
 -0.02147888852649205
 0.01124312123595989
 0.001672911654243531
 0.001915233938576521
 0.004592531562601105
 -0.004533166544593108
 -0.001026305664261769
 0.001391381979661221
 0.01298982588312387
 -0.02083036885107973
 0.006729951123899403
 0.001572975225257536
 0.2135456738257938
 -0.4216508666180124
 0.2068324648682917
 0.002110286646241776
 0.007044757395003182
 -0.01419225082998767
 0.003507876059484591
 -0.01114211789142071
 0.01265054129303573
 0.00575911051091187
 -0.01246997682762652
 -0.0006634043064733409
 0.008704953427089875
 0.009195157962032815
 -0.02093511071522242
 0.005562659903198966
 0.007148629155604901
 0.2068324648682917
 -0.4210619033038012
 0.2097054102030246
 0.005861136531075296
 0.001484102156095875
 -0.006631652965817469
 0.005875734817005353
 -0.01363109505364627
 0.004172909591689835
 0.007012299867325631
 -0.00571035616595747
 -0.003402850044691756
 0.002622103755066628
 0.00949709031871445
 -0.01601437514040524
 0.004709903607035491
 0.002110286646241754
 0.2097054102030246
 -0.4166046349855926
 0.2055011372511343
 0.002236359352367442
 0.001920075980687851
 0.003757727949035663
 -0.001613470085448796
 -0.01229921140717612
 0.0111421162172457
 0.005360700476075264
 -0.01068320535128544
 -0.0007038108943574813
 0.006490838816883213
 0.0093628028948035
 -0.02147888852649204
 0.007044757395003176
 0.005861136531075293
 0.2055011372511342
 -0.4225281476223052
 0.2131860059195186
 0.001599510436290347
 0.004000748302772044
 0.003628216996204532
 0.0051372094170247
 -0.01025017147865881
 0.001965511562956986
 0.006746643634087439
 -0.005318922042278951
 -0.002837315078178616
 0.001883983374984813
 0.01124312123595987
 -0.01419225082998765
 0.001484102156095865
 0.002236359352367441
 0.2131860059195186
 -0.420837552808531
 0.2019243102856627
 0.1981955569009947
 0.001800442341071734
 0.001660698139551229
 -0.006452544552047618
 0.003437530873341893
 0.001744700334468078
 0.002104256135146272
 -0.005648018942715741
 0.002161721114028687
 0.001672911654243544
 0.003507876059484603
 -0.006631652965817476
 0.001920075980687856
 0.001599510436290341
 0.2019243102856628
 -0.4029973737943909
 -0.4100607863061422
 0.2064575116480713
 0.00186946219038651
 0.001045763177884157
 -0.01566604658156125
 0.01339087181173984
 0.001710635898631431
 -0.003565650506706151
 -0.005427076765333511
 0.007642431416066253
 0.001915233938576517
 -0.01114211789142071
 0.005875734817005363
 0.003757727949035658
 0.00400074830277204
 0.1981955569009947
 0.2064575116480712
 -0.4119093577328513
 0.2012818888251198
 0.0066505179501246
 0.008750646186614065
 -0.02199026831095532
 0.007471355194884604
 0.007528948833096138
 -0.0007068942730193593
 -0.01096151537490241
 0.004592531562601107
 0.01265054129303573
 -0.01363109505364628
 -0.001613470085448792
 0.00362821699620455
 0.001800442341071711
 0.001869462190386528
 0.2012818888251198
 -0.4167425109732154
 0.2142906144258408
 0.001876998667716099
 0.003182290282950031
 -0.01279638069966996
 0.007983392929051045
 0.002505888279955467
 -0.003349193635542737
 -0.004533166544593111
 0.005759110510911875
 0.004172909591689835
 -0.01229921140717612
 0.005137209417024698
 0.001660698139551211
 0.001045763177884185
 0.006650517950124578
 0.2142906144258408
 -0.4299262882160366
 0.210573105747386
 0.00731816340495654
 0.004356384901484857
 -0.02032775608691837
 0.009925573062278831
 0.008138504071022575
 -0.001026305664261759
 -0.01246997682762652
 0.007012299867325635
 0.0111421162172457
 -0.01025017147865883
 -0.006452544552047584
 -0.01566604658156127
 0.008750646186614083
 0.001876998667716089
 0.210573105747386
 -0.4268103660423731
 0.2151180062164195
 0.001470788311620366
 0.006898269275652811
 -0.02345388150349238
 0.01546111530241332
 0.001391381979661202
 -0.0006634043064733532
 -0.005710356165957459
 0.005360700476075252
 0.001965511562957007
 0.003437530873341921
 0.01339087181173986
 -0.02199026831095533
 0.003182290282950032
 0.007318163404956515
 0.2151180062164195
 -0.4300488307410691
 0.2091867969421281
 0.006981103016762319
 0.01211314162738336
 -0.03135134213310721
 0.01298982588312387
 0.008704953427089893
 -0.003402850044691776
 -0.01068320535128543
 0.006746643634087435
 0.001744700334468075
 0.001710635898631421
 0.007471355194884597
 -0.01279638069966997
 0.004356384901484885
 0.001470788311620369
 0.209186796942128
