# Created by Octave 4.2.2, Tue Jan 05 17:37:40 2021 -03 <daniel@daniel-HP-Spectre-x360-Convertible>
# name: noiselev
# type: scalar
0.01275308450696424


