# Created by Octave 6.2.0, Mon Apr 05 18:55:22 2021 -03 <matiasgel@DESKTOP-JHIRSIK>
# name: noiselev
# type: scalar
1.245055523209464e-05


