# Created by Octave 6.2.0, Fri Mar 19 08:25:16 2021 -03 <daniel@daniel-HP-Spectre-x360-Convertible>
# name: noiselev
# type: scalar
8.2658634943043388e-06


