# Created by Octave 6.2.0, Sun May 02 00:15:38 2021 -03 <daniel@daniel-HP-Spectre-x360-Convertible>
# name: noiselev
# type: scalar
7.9041647081147983e-06


